start=958.166000
pause=yes
volume=48.000000
aid=2
